Time	x (1)	YFP (1)	CFP (1)	x (2)	YFP (2)	CFP (2)	x (3)	YFP (3)	CFP (3)	x (4)	YFP (4)	CFP (4)	x (5)	YFP (5)	CFP (5)	x (6)	YFP (6)	CFP (6)
0.00	0.07	5513.00	12225.00	0.07	5493.00	12891.00	0.07	5660.00	12613.00	0.07	5351.00	11866.00	0.08	5578.00	12451.00	0.08	5509.00	12532.00
10.00	0.08	5209.00	11925.00	0.08	5244.00	12617.00	0.07	5379.00	12299.00	0.08	5093.00	11527.00	0.08	5274.00	12112.00	0.08	5230.00	12177.00
20.00	0.08	5098.00	11785.00	0.08	5146.00	12443.00	0.08	5238.00	12188.00	0.08	5013.00	11374.00	0.08	5109.00	11964.00	0.08	5118.00	11960.00
30.00	0.08	4949.00	11621.00	0.08	5044.00	12429.00	0.08	5088.00	12045.00	0.08	5044.00	11306.00	0.08	5021.00	11854.00	0.08	5124.00	11867.00
40.00	0.08	4864.00	11584.00	0.08	5001.00	12389.00	0.08	4991.00	12012.00	0.08	5171.00	11292.00	0.08	4919.00	11763.00	0.08	5194.00	11838.00
50.00	0.08	4773.00	11502.00	0.08	4982.00	12365.00	0.08	4899.00	11899.00	0.08	5308.00	11268.00	0.08	4813.00	11712.00	0.08	5295.00	11807.00
60.00	0.08	4670.00	11495.00	0.08	4946.00	12418.00	0.08	4833.00	11905.00	0.08	5525.00	11211.00	0.08	4738.00	11680.00	0.08	5396.00	11784.00
70.00	0.08	4636.00	11458.00	0.08	5024.00	12470.00	0.08	4784.00	11861.00	0.08	6006.00	11256.00	0.08	4734.00	11646.00	0.08	5551.00	11864.00
80.00	0.08	4549.00	11376.00	0.08	5043.00	12503.00	0.08	4736.00	11845.00	0.08	6658.00	11331.00	0.08	4654.00	11611.00	0.08	5706.00	11820.00
90.00	0.08	4545.00	11388.00	0.08	5185.00	12641.00	0.08	4682.00	11842.00	0.08	7533.00	11324.00	0.09	4584.00	11598.00	0.08	6001.00	11837.00
100.00	0.08	4490.00	11346.00	0.08	5388.00	12820.00	0.08	4682.00	11788.00	0.08	8835.00	11441.00	0.09	4573.00	11569.00	0.08	6302.00	11832.00
110.00	0.08	4485.00	11401.00	0.08	5645.00	13090.00	0.09	4655.00	11821.00	0.08	10529.00	11535.00	0.09	4578.00	11572.00	0.09	6713.00	11818.00
120.00	0.09	4450.00	11325.00	0.09	6046.00	13469.00	0.09	4631.00	11802.00	0.08	12664.00	11680.00	0.09	4532.00	11557.00	0.09	7173.00	11864.00
130.00	0.09	4397.00	11326.00	0.09	6533.00	14002.00	0.09	4576.00	11805.00	0.08	15491.00	11828.00	0.10	4512.00	11565.00	0.09	7744.00	11986.00
140.00	0.09	4404.00	11391.00	0.09	7264.00	14754.00	0.09	4602.00	11781.00	0.09	19030.00	12100.00	0.10	4512.00	11571.00	0.09	8551.00	11976.00
150.00	0.10	4366.00	11362.00	0.09	8102.00	15821.00	0.10	4538.00	11825.00	0.09	23253.00	12392.00	0.11	4482.00	11544.00	0.09	9369.00	12052.00
160.00	0.10	4359.00	11370.00	0.09	9218.00	17115.00	0.10	4567.00	11825.00	0.09	28492.00	12782.00	0.12	4482.00	11584.00	0.10	10437.00	12137.00
170.00	0.11	4374.00	11404.00	0.10	10527.00	18803.00	0.11	4541.00	11792.00	0.09	34828.00	13304.00	0.12	4490.00	11632.00	0.10	11691.00	12220.00
180.00	0.11	4397.00	11438.00	0.10	12065.00	20921.00	0.12	4567.00	11893.00	0.09	42000.00	13860.00	0.13	4532.00	11652.00	0.11	12996.00	12402.00
190.00	0.12	4383.00	11401.00	0.11	13751.00	23345.00	0.12	4531.00	11835.00	0.10	50386.00	14745.00	0.14	4568.00	11724.00	0.11	14634.00	12538.00
200.00	0.13	4441.00	11447.00	0.11	15721.00	26289.00	0.13	4610.00	11871.00	0.10	59756.00	15719.00	0.15	4661.00	11770.00	0.12	16359.00	12769.00
210.00	0.13	4444.00	11533.00	0.12	17686.00	29632.00	0.14	4638.00	11935.00	0.10	69509.00	16928.00	0.16	4745.00	11819.00	0.12	18020.00	13010.00
220.00	0.14	4528.00	11609.00	0.12	19860.00	33560.00	0.15	4778.00	12005.00	0.11	79965.00	18530.00	0.17	4891.00	11942.00	0.13	19954.00	13251.00
230.00	0.15	4652.00	11642.00	0.13	21786.00	37498.00	0.16	4848.00	12056.00	0.11	90563.00	20326.00	0.18	5033.00	12070.00	0.13	22146.00	13588.00
240.00	0.16	4739.00	11828.00	0.13	23778.00	41780.00	0.17	4951.00	12205.00	0.12	100822.00	22584.00	0.19	5208.00	12249.00	0.14	24536.00	13852.00
250.00	0.17	4889.00	11881.00	0.14	25802.00	45914.00	0.18	5102.00	12336.00	0.12	110247.00	24831.00	0.20	5380.00	12376.00	0.15	27217.00	14388.00
260.00	0.19	5101.00	12051.00	0.14	27941.00	50013.00	0.19	5283.00	12481.00	0.13	119097.00	27193.00	0.22	5655.00	12598.00	0.16	29984.00	14881.00
270.00	0.20	5252.00	12261.00	0.15	30332.00	54641.00	0.21	5512.00	12604.00	0.13	129420.00	29750.00	0.23	5904.00	12792.00	0.17	33098.00	15408.00
280.00	0.21	5441.00	12417.00	0.16	32813.00	60159.00	0.22	5747.00	12828.00	0.14	139263.00	32608.00	0.25	6212.00	13027.00	0.18	35788.00	16025.00
290.00	0.23	5751.00	12623.00	0.16	35087.00	65387.00	0.23	5994.00	13015.00	0.15	149791.00	35506.00	0.26	6515.00	13278.00	0.19	39157.00	16621.00
300.00	0.24	6055.00	12913.00	0.17	37558.00	70757.00	0.25	6337.00	13255.00	0.15	160543.00	38725.00	0.28	6930.00	13522.00	0.20	42279.00	17378.00
310.00	0.26	6389.00	13148.00	0.18	40410.00	76769.00	0.26	6675.00	13461.00	0.16	171195.00	42052.00	0.29	7370.00	13931.00	0.21	45569.00	18002.00
320.00	0.27	6770.00	13472.00	0.19	43213.00	83040.00	0.28	7054.00	13856.00	0.17	181164.00	45594.00	0.31	7867.00	14331.00	0.22	48740.00	18658.00
330.00	0.29	7230.00	13826.00	0.20	45934.00	89244.00	0.29	7504.00	14182.00	0.18	191808.00	49366.00	0.33	8450.00	14726.00	0.23	51792.00	19402.00
340.00	0.30	7741.00	14230.00	0.20	48909.00	96411.00	0.31	8009.00	14569.00	0.19	201917.00	53517.00	0.35	9099.00	15187.00	0.24	54575.00	20002.00
350.00	0.32	8307.00	14729.00	0.21	51924.00	103324.00	0.33	8626.00	15020.00	0.20	211822.00	57619.00	0.36	9739.00	15827.00	0.25	57958.00	20608.00
360.00	0.34	8913.00	15209.00	0.23	55038.00	110654.00	0.34	9259.00	15420.00	0.21	219911.00	61962.00	0.38	10502.00	16457.00	0.26	60787.00	21259.00
370.00	0.36	9635.00	15792.00	0.23	58105.00	118330.00	0.36	9910.00	16107.00	0.22	228601.00	65974.00	0.39	11298.00	17127.00	0.26	64088.00	21795.00
380.00	0.38	10378.00	16539.00	0.24	61349.00	126280.00	0.38	10651.00	16739.00	0.23	236040.00	70362.00	0.42	12179.00	17834.00	0.27	67441.00	22379.00
390.00	0.40	11209.00	17260.00	0.24	64182.00	134378.00	0.40	11479.00	17409.00	0.24	243169.00	74166.00	0.43	13187.00	18665.00	0.28	70804.00	22960.00
400.00	0.42	12094.00	17983.00	0.26	66630.00	142666.00	0.42	12358.00	18186.00	0.26	248574.00	77893.00	0.45	14170.00	19533.00	0.29	74117.00	23551.00
410.00	0.44	13087.00	18879.00	0.26	69933.00	151112.00	0.44	13299.00	19040.00	0.26	254849.00	80382.00	0.47	15112.00	20440.00	0.30	77580.00	24080.00
420.00	0.45	14028.00	19750.00	0.27	73059.00	160126.00	0.46	14292.00	19860.00	0.27	260467.00	83189.00	0.48	16222.00	21409.00	0.30	80848.00	24682.00
430.00	0.47	15055.00	20802.00	0.28	76180.00	168413.00	0.48	15267.00	20780.00	0.28	266181.00	85505.00	0.50	17275.00	22377.00	0.31	84056.00	25277.00
440.00	0.49	16038.00	21935.00	0.29	79255.00	176541.00	0.49	16313.00	21751.00	0.29	271443.00	87606.00	0.51	18312.00	23547.00	0.32	87265.00	25896.00
450.00	0.51	17115.00	23049.00	0.30	82471.00	184808.00	0.51	17333.00	22809.00	0.30	276420.00	89145.00	0.52	19327.00	24546.00	0.33	90553.00	26362.00
460.00	0.53	18234.00	24272.00	0.31	85494.00	191948.00	0.52	18355.00	23828.00	0.30	279250.00	90554.00	0.54	20359.00	25587.00	0.33	93642.00	27015.00
470.00	0.54	19238.00	25494.00	0.32	88284.00	199829.00	0.54	19316.00	24910.00	0.31	282985.00	91740.00	0.55	21289.00	26617.00	0.34	96785.00	27541.00
480.00	0.56	20192.00	26772.00	0.33	90726.00	206857.00	0.55	20363.00	25992.00	0.32	286733.00	92601.00	0.57	22277.00	27621.00	0.35	99962.00	28100.00
490.00	0.57	21232.00	28002.00	0.34	92692.00	213447.00	0.57	21218.00	26997.00	0.33	289318.00	93785.00	0.58	23013.00	28566.00	0.35	103055.00	28668.00
500.00	0.59	22113.00	29271.00	0.34	93879.00	218252.00	0.58	22153.00	27947.00	0.34	293084.00	94617.00	0.59	23815.00	29472.00	0.36	105875.00	29202.00
510.00	0.60	22909.00	30457.00	0.35	95933.00	223514.00	0.59	22931.00	28964.00	0.34	296315.00	95415.00	0.59	24458.00	30297.00	0.37	109146.00	29774.00
520.00	0.61	23711.00	31601.00	0.36	97975.00	229418.00	0.60	23682.00	29840.00	0.35	300066.00	96524.00	0.60	25049.00	31141.00	0.37	111744.00	30396.00
530.00	0.62	24333.00	32644.00	0.38	100880.00	236866.00	0.61	24310.00	30729.00	0.36	302678.00	97180.00	0.61	25425.00	32036.00	0.38	114572.00	30973.00
540.00	0.63	24803.00	33696.00	0.39	102644.00	240743.00	0.61	24762.00	31496.00	0.37	305289.00	97883.00	0.61	25758.00	32783.00	0.38	117135.00	31634.00
550.00	0.64	25265.00	34560.00	0.40	104344.00	246080.00	0.62	25234.00	32284.00	0.37	307058.00	98312.00	0.61	26056.00	33591.00	0.39	120141.00	32233.00
560.00	0.64	25670.00	35515.00	0.40	104685.00	248154.00	0.62	25640.00	33078.00	0.38	310571.00	99394.00	0.61	26331.00	34437.00	0.39	123029.00	32922.00
570.00	0.64	25862.00	36388.00	0.41	105122.00	250702.00	0.62	25884.00	33797.00	0.39	310794.00	100043.00	0.61	26453.00	35310.00	0.40	125508.00	33560.00
580.00	0.64	26120.00	37229.00	0.42	107107.00	254416.00	0.62	26198.00	34673.00	0.39	313195.00	100793.00	0.61	26588.00	36206.00	0.40	128452.00	34249.00
590.00	0.64	26160.00	37963.00	0.44	108423.00	257809.00	0.62	26343.00	35561.00	0.40	315112.00	101486.00	0.61	26620.00	36906.00	0.41	131214.00	34839.00
600.00	0.64	26286.00	38810.00	0.45	108894.00	261171.00	0.62	26406.00	36386.00	0.41	316916.00	102203.00	0.60	26733.00	37637.00	0.41	133524.00	35412.00
610.00	0.64	26263.00	39629.00	0.46	109963.00	263267.00	0.62	26421.00	37233.00	0.42	318934.00	103080.00	0.60	26688.00	38235.00	0.42	135660.00	36141.00
620.00	0.64	26328.00	40266.00	0.47	110599.00	264948.00	0.61	26529.00	37973.00	0.42	319806.00	103457.00	0.60	26699.00	38856.00	0.42	138129.00	36682.00
630.00	0.63	26296.00	40878.00	0.48	110837.00	266500.00	0.61	26465.00	38668.00	0.43	318651.00	103674.00	0.60	26725.00	39148.00	0.43	139991.00	37280.00
640.00	0.63	26330.00	41353.00	0.49	110852.00	268980.00	0.61	26452.00	39296.00	0.44	320008.00	104460.00	0.59	26638.00	39630.00	0.43	142279.00	37795.00
650.00	0.62	26370.00	41881.00	0.50	111301.00	269634.00	0.61	26556.00	39828.00	0.44	320688.00	104911.00	0.59	26636.00	39920.00	0.43	144594.00	38411.00
660.00	0.62	26380.00	42447.00	0.51	112007.00	271345.00	0.60	26515.00	40306.00	0.45	320619.00	105360.00	0.59	26561.00	40256.00	0.43	146722.00	39055.00
670.00	0.62	26352.00	42819.00	0.52	112779.00	273484.00	0.60	26487.00	40783.00	0.45	320237.00	105794.00	0.59	26459.00	40312.00	0.44	148531.00	39584.00
680.00	0.62	26305.00	43277.00	0.53	113246.00	275293.00	0.60	26519.00	41284.00	0.46	320407.00	106104.00	0.59	26481.00	40487.00	0.44	150801.00	40055.00
690.00	0.62	26235.00	43530.00	0.54	113850.00	276470.00	0.60	26471.00	41656.00	0.46	319265.00	106562.00	0.59	26479.00	40655.00	0.44	151988.00	40477.00
700.00	0.62	26244.00	43745.00	0.55	114016.00	277842.00	0.59	26358.00	41887.00	0.46	317409.00	107102.00	0.59	26424.00	40706.00	0.44	153148.00	41115.00
